5.094841843786558577e+00 -2.019207834389687317e+00 -7.093697007268244814e-01 -8.279498540756881353e-02 3.838169050382043701e-01 -1.447935972050088171e+00 -5.734926335886627591e-01 -6.501140506192396584e-01
2.508766311506243074e+00 2.614648473928386618e+00 2.063802745185791820e-01 -1.894746312944541655e+00 -2.124765685288511730e+00 2.465073103551957523e+00 -7.766855780739005954e-01 1.523305804109613693e+00
8.510142626369067154e-01 -2.306735368304639877e+00 5.674619035154199187e-01 -4.362536110931589106e-02 -2.094046527127187307e+00 4.979535447115430280e+00 -9.926355383850098413e-01 1.045143909260793480e+00
3.373454926337909332e-01 -3.144373458027301282e+00 -1.157214870743066837e-01 -1.815295309752034791e+00 3.529317436432155564e-02 -7.162118223333922007e-01 -5.513174083157814515e-02 1.195033416268714566e-01
-2.230926068516517757e-01 -7.018214923587103860e-01 -2.270762074170181499e+00 9.986312129017994588e-01 6.464878666876019420e-01 4.292809168929086205e-02 3.411946732088635970e-01 1.099684213522647003e+00
7.143842039200690941e+00 -2.074842228113817466e+00 1.088387413619661404e+00 7.163341161901742860e-01 8.199010608105828934e-01 1.144550356076816877e+00 -2.895690287525696793e-01 -1.940001386022318849e-02
2.697223754350122515e+00 -1.943709947378428726e+00 -9.605644734057237066e-01 4.595084433350784536e-01 -5.844984570169406979e-01 -4.917262136875272249e-01 -5.171974191031036838e-01 -5.003992347090746584e-02
6.149886190294573396e+00 -2.017652744447964608e+00 -1.566143549075084795e+00 9.716474000213132234e-01 -3.363697560697704869e-01 3.437290761027654296e-01 -7.084423272211391731e-02 -6.424652556149027527e-01
4.396227954763816115e+00 -2.123507710265177373e+00 5.795100394862970905e-01 -7.774131352121049776e-01 -3.038340374181442427e-01 1.785126080407428262e+00 4.111505699167452448e-04 2.927264534437950538e-01
9.192836826239604520e+00 1.948583071919635312e+00 -1.123166153205757078e+00 3.633730980741206817e+00 -1.195110097592404941e+00 1.411424621784844069e+00 2.159366255499254539e+00 -3.984140062253827552e-01
3.648761517993191483e-01 -3.574461227328259216e+00 -2.223978553447442330e+00 2.231678446903344881e-01 7.785309541899595454e-01 5.102295905511603502e-01 -5.627831328597250327e-01 2.354621357431793405e-01
4.703500731726759199e+00 -1.959557538098208040e-01 3.757032963543086801e+00 -1.004227592828302651e+00 3.286508550101748805e-01 -2.525822332434346507e-01 -2.594854380801660643e+00 -9.890317782653982315e-01
2.176862882303376434e+00 9.721160481645508833e-01 -1.943888296387277226e+00 -7.373179585354150412e-01 -3.957837923985135786e-01 4.623353049014956584e-01 5.366659487796205941e-01 -9.520559432663443511e-01
4.298077330091651937e+00 -4.666275170489546653e+00 -6.840873679173427487e-03 -3.653383816802879824e+00 1.787030763374261311e-01 -9.138698700774146033e-01 6.715253846193638410e-01 1.296827324932546599e+00
3.174924292975048967e+00 3.391812948429770547e+00 -3.119985966408157729e+00 -6.012975236004345359e-01 -1.522290447114491352e+00 5.595430390513496111e-01 -2.150787832711662240e-01 -6.872694997695454333e-01
2.472356916708519314e+00 -1.499824753631914920e+00 5.914531823902764440e-01 -2.267351783029706525e+00 1.405840149788329940e+00 -9.648591776207368076e-01 -8.142891123441448054e-01 9.108117567971324435e-01
3.691317879938831759e+00 1.065646058533897600e+00 -3.515589197662486676e+00 -4.773198190662528262e+00 -8.024842830514892222e-01 -1.141595569049814518e+00 -3.907265082375699188e-03 7.536384046423635907e-02
7.588784847505080089e-01 -1.608532575927538399e+00 -1.515095721169551046e+00 -1.076060058430338362e+00 -4.923463168567448339e-02 9.433160515335718699e-02 -6.080921003060713731e-02 3.655903712410621398e-01
4.028435260969303044e+00 -2.941430101290052779e+00 1.659485341246798473e+00 2.251668821511574325e-01 -5.135947994537064520e-01 1.936221175075503398e+00 -7.282043146155391389e-01 -7.579184101463009027e-01
2.511753102257469283e+00 -2.528807583593673414e+00 7.982023054998055311e-01 -8.236745993132948973e-01 -4.292639528916487035e-01 -1.831534830936044855e+00 -2.404298639600220167e+00 8.927940583571293276e-01
2.399997842994771258e+00 4.837988815059617309e+00 -1.028157120774074063e+00 3.429161690849870103e-01 -2.391872811198580528e+00 5.134225472415003821e+00 -7.878885007540340490e-01 -9.750437354463023509e-02
-9.474878916980886689e-01 -1.684753544937704683e+00 -3.511863165872626258e-01 -5.772105354359945428e-01 -3.415421062201012270e-01 -4.226379144150985145e-01 3.576390966209151701e-02 3.530214583669214479e-01
3.350295790748238467e+00 -2.154570023376741084e+00 -1.108943663099192456e+00 -4.349007199649361333e+00 6.238442861262153555e-02 -6.857140811794276702e-01 -2.165679998528742545e-01 3.712518654610823532e-01
4.442342818104116908e+00 -9.924388986829780768e-01 1.442319072400968460e+00 -5.750346983031178194e-01 -3.575900176094122807e-01 -2.996773132396174030e-02 -3.232726526310792936e-01 -1.842816943238008431e-01
7.248001061345497043e+00 -3.655469127415231778e+00 -1.557019638166411146e-01 1.226829068828460878e+00 2.975900656438719150e-01 -4.783425861475489316e-01 8.449922809590801887e-01 -6.367616050004849537e-01
1.166871464817002035e+01 4.748617197959195124e+00 2.005878959613880408e+00 3.190483753281567747e-01 -3.391361019194467641e+00 4.880796838085025513e+00 -1.155461241186536370e+00 4.836031085075810365e-01
2.171416018278506943e+00 -2.826260727048573784e+00 -5.621075046412901122e-01 -6.608317360536066776e-01 -4.749701496141740531e-01 -3.844469215471538748e-01 -1.388874647083322977e-01 4.009967573404629171e-01
2.775865569023705515e+00 5.580005274253261316e-01 -6.057712374994419502e-01 4.998300692034228776e-01 4.999056895395764810e-01 -1.067646535378430350e+00 -1.043075696244377237e+00 2.837994837476642829e-01
6.523116620085748885e+00 8.011169604722987003e+00 -3.264238032445772042e-01 -2.771799351115232568e+00 1.598931724579782943e+00 3.672116715964358846e+00 4.672440938615992079e-01 1.322639674545128763e+00
4.975162358334123347e+00 -1.332572182362191660e+00 8.709775281706630956e-01 -1.292131508286537667e+00 -9.619689393937410626e-01 2.581311902857553076e+00 -1.233185973511496947e+00 -7.128993219925079394e-01
6.230896511755567246e+00 9.200695384478769778e-01 8.982723193122368888e-02 2.539158175746700330e+00 6.213576933233962846e-02 6.834694081114991437e-01 1.399836774766039627e+00 7.199734901354649663e-01
7.122953197580783602e+00 1.027558911754539928e+01 -3.232789613406394924e+00 1.525465090744738683e-01 -2.960878499389980600e+00 3.053420118962641094e+00 1.429938101641859305e+00 1.059645590706936202e+00
-8.104137709067970041e-01 -2.659275499569003554e+00 -4.888298261626061181e-01 -1.672566802146676856e+00 2.758115410478725882e-01 1.273311295331671367e-01 6.250252254717899580e-01 1.657921074428371500e-01
9.007165526425062296e+00 5.810310817513540949e-01 -3.134715131804759025e+00 -8.622690396625167786e-01 4.572211897117296059e-02 7.257760733215639082e-01 8.458606433345241538e-01 -5.916235638937284991e-01
3.475493748187921561e+00 -1.672884389487064860e+00 8.568268285903696269e-01 -1.156767635573793029e+00 -1.382571411067907485e+00 -9.999200455753605166e-01 1.115620834406132911e+00 1.118231302272093330e+00
-6.388805000119067712e-01 -9.113660302308624894e-01 -2.142724182544264000e+00 -2.140915860285686367e+00 -4.291397638730809483e-01 1.488813945771820801e-01 -4.162042024618902575e-02 2.722913340135282301e-01
-3.617091926150842740e-01 1.197390888898506589e-01 -2.040955752097140863e+00 1.058884327888179433e+00 7.571094143173708879e-01 -9.204463594752000377e-01 6.977678796411951323e-01 -3.934296802443821295e-01
4.643691316541992187e+00 -1.482017170859354360e+00 -1.170680576472064693e+00 -1.218605711745632592e+00 1.780725281953982608e-01 6.786609298874747287e-01 -7.409489901873197448e-01 -6.345457163938427181e-01
6.162808697150884418e-01 6.389116655670384892e-01 -1.999189303636047521e-01 -1.097499217967752294e+00 1.186896862328486041e-01 -8.539404640718446515e-01 -5.064923247986218291e-01 -6.349119385675278115e-01
-7.337724522167776708e-01 -1.943697182722043282e+00 -2.752361872549082822e-01 -3.378230430063055567e-01 6.609911698782164891e-01 -7.743048759286877969e-01 -1.456017427021619459e-01 -5.003803106875629458e-01
8.733861502721405046e+00 3.279877368024485484e+00 2.903699343115929032e+00 -2.771891404397247016e-01 -1.061846973811565897e+00 -5.676950412802624912e-01 7.902349726510048411e-01 -1.434412634326149405e+00
1.305612185859730801e+01 9.815132237372563573e-01 5.988126431841728214e-01 1.472930694127021045e+00 -5.999131238778200315e-01 1.021758321940107184e+00 -9.547444821912115520e-02 -7.685719012843956754e-01
8.630755859050063705e+00 -3.459451916556405049e+00 -1.790568160617357907e-01 1.177163884687872475e+00 -2.290531151378132763e-02 -6.691652494177396243e-03 9.620292102583464233e-01 -3.979463913603413783e-01
1.432069426843542992e+00 -1.049603947556200900e+00 -1.262011298528802339e+00 5.331892513770974951e-01 -6.266965824918292460e-01 -7.859154659478719829e-01 -6.215647356295344039e-01 -2.149663558784976614e-01
1.352627025347586276e+00 -1.154141472970789950e+00 -1.209793290986198366e+00 -8.281067048679123799e-01 -9.868073537363953873e-01 6.869741524423772505e-01 -3.134974599095419201e-01 -5.253396855198465554e-01
1.428167592876068204e+00 -1.967101412623586842e+00 1.111938846532492642e+00 7.529108032773708103e-01 -5.398817481476987368e-01 -9.955635248276492044e-01 -9.089155004477543764e-01 1.101342417115631855e+00
3.334133197993923492e+00 -1.325557355033986084e+00 7.280136512097503676e-01 1.003198607738240655e+00 -9.337069571488820774e-01 -5.801243055199504228e-01 -2.507650079858514403e-01 -3.620341902690047964e-01
1.228501975851173889e+01 -7.543410201278854643e+00 1.011242321807434941e+01 5.194265754994182416e+00 -3.852507418465082267e+00 -8.775135488973443421e-01 5.417437881304560499e+00 1.603595606816618613e+00
6.351746789798244919e+00 7.727174075525976349e+00 -4.341915674239621659e+00 -3.375200396289688154e+00 1.710263281148696857e+00 -7.239044707333514017e-01 2.519778294867674351e+00 3.649779770589761663e-01
2.250510374050044060e+00 -3.485359419805800774e-01 -1.064750895118203644e+00 -2.317596070600043134e-01 -1.004500743065206647e+00 -8.745525907895500550e-01 -8.706730947353280570e-01 -6.022053247683496480e-01
1.213634612166606841e+00 -2.039038956795232060e+00 9.806961860987174484e-01 2.389662003902152387e-01 8.576868673401212562e-02 6.266567301083351138e-01 -3.519443825900751555e-01 -2.575729249494382311e-01
6.644409146014441658e-01 4.368608527284240650e-01 -2.680781924875750732e+00 -7.292269753000698573e-01 -2.778742093216313852e-02 -1.082051788286379379e+00 -1.031197826554899801e-03 -1.275563171921131334e-01
5.069661081637154787e+00 -1.785152329311473940e+00 1.173647150765434466e+00 -6.937321510039977657e-01 6.486556318148418709e-01 -1.978389988087769336e+00 1.598838869433928167e+00 -4.795192330617024101e-01
1.919133422816795997e+00 -3.538082363306250588e+00 1.254924614992140919e+00 3.359997871253713742e-01 5.890690537804162963e-01 1.468530324757605143e+00 -1.447599099271526246e-01 -1.723656102611787755e-01
1.256675111848964077e+00 3.823932600227042955e-01 -3.838320452017836448e+00 -7.169207274692033227e-01 -6.511562265530463911e-01 1.219260687294552392e+00 2.199987204057318388e-02 5.416771648775363657e-01
1.812305404800129027e+00 7.227401847625271047e-01 -1.466249677938201934e+00 -1.198730894331515362e+00 -1.428041697910551022e+00 -7.280653298483160674e-01 -5.313814722195769891e-01 -4.746740892469250572e-01
3.519248274955065092e+00 -3.858607122150502722e+00 -1.022529090493769388e+00 1.384143047433711748e+00 3.206641288232170428e-01 -1.031029178791629697e+00 -7.473622757175524267e-01 6.959679816714771095e-01
5.917612589614656748e+00 3.482636673940121774e+00 -3.262791440942194754e+00 -3.917583520104500838e+00 1.716382431870832059e+00 1.013605277491570034e+00 2.713405277860358455e-01 9.165328220249088775e-02
1.743079145840022853e-02 -3.459343292154348770e+00 3.069207875925585305e-01 4.755697729184250044e-01 4.007365791112408315e-01 -1.569079135016328286e-01 -1.874209389874941456e+00 7.800944645198454319e-01
1.834840467132718533e+00 -4.321522964984605863e+00 3.166853226874771776e-01 9.971894871096230739e-01 2.546886422129234218e-01 1.654800023502690065e+00 -7.588726852498141051e-01 3.260353302515813789e-01
4.648738872535779443e+00 -2.310332567068378307e+00 -7.288088053342776096e-01 6.399420900185427419e-01 -1.158324436238085786e+00 -1.785905442845676094e-01 -1.855277610291853618e-01 3.094415525984618998e-01
3.793382370058748343e+00 -3.584047863355193098e+00 2.088476403740188392e+00 -2.506027643434214802e+00 -5.107225216950601610e-01 -2.467097016133402432e-01 -7.163318207790261294e-01 -1.113377543687814830e+00
1.715309726519091083e+00 -1.523705024069589298e+00 1.461870813266775149e-01 1.911386333254975423e+00 5.361232222187487517e-01 3.625966810462720458e-02 1.840358072684623036e-01 -2.188838407023930288e-01
5.494152797721411297e+00 -4.165829304143764844e+00 -6.012607410386143769e-01 1.496998908362302261e-01 6.255664661905881996e-01 1.043039421519852183e+00 -7.049591329571983089e-02 8.328790712541092045e-01
4.956725570128551084e+00 2.384846222401665550e+00 -1.935107026864978819e+00 -6.108407043869904518e-01 -1.482096779828034061e-01 -1.493804123991749666e+00 4.267796366150072296e-01 2.756857172541692380e-01
3.257254673330170380e+00 -1.252004967364930277e-01 -2.896097532187523971e+00 7.495894954194777249e-01 -3.528556350002066688e-01 -8.049458872136162624e-01 -1.395376216320149299e+00 -6.857367213293189545e-01
2.118496931988979703e+00 2.966290713144325020e-01 8.674854261502749075e-01 -1.450287125367368590e+00 -5.395103479451154316e-01 -1.733372093547477233e+00 -2.170045624167041554e-01 8.628574527967335372e-01
2.387801795911309366e+00 -3.768171738815660810e+00 -5.292926300602781575e-01 1.118264336986150909e+00 6.217750318137055254e-01 2.865805687550754266e-02 1.333285767556227110e-02 2.409134904339619576e-01
3.378250872585331077e+00 -3.371227895608763347e+00 -1.766777811793703190e+00 -2.077957414128905445e+00 -5.977815866535396427e-01 -4.907833797942733889e-01 -8.248082692860732035e-01 2.990842333588720758e-01
4.554782688800703916e+00 3.375361531493367706e-01 -7.543008102801848080e-01 -7.003300479976328763e-01 -1.548545358101010239e+00 -1.910077782286558612e-01 -8.895788316583760347e-01 -2.440406687761897675e-01
2.611484893116366113e+00 1.561421707904544265e+00 -2.181869771640811972e-01 -4.927754622669016649e-01 1.104387368476741127e+00 5.817864153115842769e-03 -8.639078389814692782e-01 2.050378958279467367e-01
4.949632074310891028e+00 -1.543752277843628340e+00 -1.713193764624172832e+00 4.676051300314447434e-02 -1.739230036620589059e+00 -8.128750671926254778e-01 8.002363123797056055e-01 4.197094325421443783e-01
1.691607923111349887e+00 1.540676555239426371e+00 -1.799845265633033931e+00 -1.390589799612482524e+00 -1.212675028252546028e+00 -1.243211586101567345e+00 -5.775786785066796061e-03 3.860862554242385225e-01
7.236485314184859519e+00 -3.570180376562601121e-02 -2.841066735120416631e+00 3.864097439691560609e-02 -2.454736609582610196e+00 2.500018323575478707e+00 -8.616314138927197996e-01 -8.926874799213437017e-02
5.733896279636242710e+00 -1.075173799696670818e+00 -5.517476422568576844e-01 9.120822696071192448e-01 -1.770859634414053696e-01 5.414507615634922555e-01 -6.681452885379512985e-01 9.743579170456030669e-02
2.380247150423079106e+00 3.949928897900547575e+00 -2.934876753775566893e+00 9.410371957427225986e-01 -1.056041897655774608e+00 -4.510375249188247615e-01 4.904288521296726322e-01 -1.654901209443210841e-01
-9.333138680305333446e-02 2.260751998812092989e+00 -1.904726603079909708e+00 -1.442308100335061960e+00 -1.705364070740553517e+00 -2.122641719070881283e+00 -4.969271299913171069e-01 -4.843007965352295052e-01
1.785949980323042752e+00 -2.692216354870476946e-01 -1.722515334485066774e+00 1.032686964079255976e+00 1.185110412269879010e+00 -1.304787349985151168e-01 -5.503756465647574592e-01 1.541062004856865730e-01
4.007264143795190137e+00 5.372421650312237951e-01 -2.761625563303372388e+00 -1.898386957921893714e+00 -5.256728111742269283e-01 1.928504686551430480e-01 1.611017295309878639e-01 3.787488738545595757e-01
3.284372619881689825e+00 -9.906732041122179311e-01 2.554386345096470112e+00 -1.228273345455117016e-01 3.508378177200384695e-01 1.477382944457955372e+00 -6.514648312042536915e-02 -5.301110640994519813e-02
-8.402096538292467276e-01 -3.500085031911598143e+00 1.824836575579856235e-01 -1.242572666472955056e+00 -1.085172593427011084e-01 -4.169996218852169423e-01 -2.496457692308219900e-01 2.072917268504280985e-01
4.733210788249956558e+00 3.304963729775623804e+00 -1.466536670053059543e+00 2.041150231365099543e+00 -2.622008802128343932e-02 3.023044230473451055e+00 -1.007188303210383884e+00 1.046098087359809276e-01
1.779661489168842925e+00 2.776587167772290865e+00 -9.427628820181741531e-01 -3.074352440845935952e+00 -6.951331336369215297e-01 -1.201366478242112956e+00 6.288527223162356794e-01 4.579426378484868221e-01
1.289461213351201074e+01 2.316622449871387879e+00 6.328696770262149940e+00 1.942202120653697239e+00 -3.160227885370048284e+00 -9.470596320911567334e-01 -1.296779841754332363e+00 7.930604095483578808e-01
3.635014946518034584e+00 -1.956440915725103702e+00 -8.287752208049194991e-01 1.379751907939452682e+00 9.944208433427287330e-01 2.538528071780178363e-01 -1.179247801287550468e+00 -1.519884288225723745e+00
3.795565641679679914e+00 -1.026232646316135977e+00 8.986355606094826864e-01 -7.604610696719351637e-01 -7.578475399530257839e-01 -5.227319516198363214e-01 -1.388463568779588320e+00 9.674536013811434187e-02
3.372196590961582974e+00 2.587825438093611208e+00 7.092074974273196553e+00 -3.674934273509486982e-01 2.770573285656010132e+00 -4.217763115708021537e+00 -4.084752022894196699e+00 4.362108996377629389e+00
7.085010649147139183e+00 5.282231829787372712e-01 -1.279986856999675071e+00 6.515647854510501213e-01 1.853825001846258536e+00 -1.811294853980522257e+00 5.353894560388853252e-01 9.529312294445910769e-01
3.715705103530992481e+00 -1.058686217616773284e+00 5.219535980314470303e-01 1.397002070025972653e+00 3.686144261579387682e-01 -1.104609358453745749e+00 6.344446131970776781e-01 -5.918176044253145585e-02
4.948703550931282891e+00 -4.114333513630804795e+00 -3.147489215954217823e-01 -8.820502834430388184e-02 -5.671498120917584790e-02 -1.137683938219980151e+00 -2.513605113190246487e-01 7.419165884359172347e-01
3.583563626361067289e+00 -2.206661829935130381e+00 -1.704535439775160421e+00 -8.012926589716093950e-01 3.653222264389902607e-01 1.561468135721825412e+00 -1.986062403369659723e-01 6.434008069136665231e-01
4.208524209331432786e+00 -5.128366505039666734e+00 -7.524018813616522028e-01 -8.627090915329246323e-01 -4.709677601133362979e-01 -5.958364065169886592e-01 -7.488921106175135123e-02 1.800785069421585727e-01
2.735011771689559890e+00 -3.945168230138166088e+00 -1.716947871983717441e-02 3.001108080657229893e-01 2.832671675727048144e-01 -5.773143748317204338e-01 -6.635545957866796352e-01 3.357667144511011781e-01
8.185034457810424158e+00 2.700976482057484418e+00 5.730230636570594172e+00 -1.112257985599081289e+00 1.043470272938999965e+00 2.594566307540730588e+00 9.415696274969236335e-01 -3.321586454641597630e+00
3.213916765404909892e+00 4.046756229654085324e+00 -2.715384339930764224e+00 1.328626307614142910e+00 -2.216730911880857857e-01 -2.204791343556478100e+00 5.194257031930380464e-01 -9.204406471831346748e-01
3.510262603932416514e+00 2.171625114609151641e+00 -3.894546436670085932e+00 -1.295759830232317222e+00 -6.821804517907426035e-02 7.873568210531890488e-01 2.899266643986556091e-01 -4.959492533948212101e-01
-1.908768928220399230e+00 -3.121945808089223284e+00 -1.063056156639652805e+00 -1.062067259616945814e+00 9.572965208151088534e-01 3.285340124033355180e-01 2.996701528185336666e-02 -2.121792484168211201e-01
3.421259140063976356e-01 -9.682792601111601671e-01 1.717171591370433514e+00 -5.950028750863393112e-01 4.680105227008028446e-01 1.007660406379452978e+00 -1.799085705767403898e+00 1.106647203954809422e+00
4.331653344531781080e+00 -4.049332418699580494e+00 -1.925055275078102202e-01 -2.906134582028077062e-01 6.108408085931539278e-01 -1.423588255854944196e+00 -6.701397398288033713e-01 -4.949075284077143477e-01
3.711649515035293945e+00 -2.807477102715494333e+00 -1.756193477851831330e+00 9.041062895586204906e-01 -7.098588196816588147e-02 -2.061849888114371532e-01 -2.042810294322960907e-01 3.446110500813088229e-01
-5.429013643040115911e-01 -1.317067914433298181e+00 9.957544530316063680e-01 -1.484875960459289157e+00 2.029779299953962113e-01 -6.347813672315879563e-01 -1.204687895971027878e+00 1.937363240262285069e-01
3.319673971560094916e+00 -1.577052841407181827e+00 1.360728521914862821e+00 -6.941429234722163999e-01 -9.089303863797651983e-01 -1.172216653163127287e+00 -3.372931623086781738e-01 -1.222884308391279484e+00
7.098562854812452194e+00 2.018610334058696498e+00 -2.900968806989833934e-02 2.587950198431253845e+00 -2.039339965911543651e+00 1.184200152301489339e+00 6.018756986225618499e-01 -1.307339994505736458e+00
1.700006886765695224e+00 2.352271791174175952e+00 -3.078089130698690834e+00 -6.602123441299763418e-02 -1.056466455793330761e+00 -2.821104956439110523e-01 -1.606051896991820271e-01 1.900545803251398394e-02
6.619726347284350609e+00 -6.003276403113273929e+00 9.893779872319699020e-01 -2.886755725331338507e+00 -1.695383658411692140e+00 -7.996664800919934812e-01 2.287571498905816014e+00 4.450125435248298289e-01
-3.900189809290447451e-01 -9.892423488588768521e-01 -2.585169173186675273e+00 -7.845266631500003029e-01 7.343113227476890659e-01 1.837393889205204689e-01 6.915533126481472337e-01 2.147389560631473848e-01
2.766369157644508192e+00 -3.543559464861962272e-01 -1.896963065127158510e+00 -5.342564726046539203e-01 -8.840205141583084014e-01 2.011033431911940728e+00 -7.205651872153512327e-01 1.412714660864710758e+00
2.647568633231039747e+00 -3.951172947116869505e+00 1.371881411239786575e+00 2.078198634151040280e-01 1.405054254016610660e+00 -9.045108711744117569e-01 -3.238007609948104215e-01 9.985281537781905969e-01
-2.150953470699038750e+00 -1.923991614852350374e+00 -1.180484142444020224e+00 -1.113197900665661599e+00 4.484717662936373306e-01 9.291128746380584724e-01 4.186610393058148166e-02 -4.866160769187588553e-02
1.093429815846928932e+01 -3.703254078979495212e+00 -8.916940513798368162e-01 2.343507741320459026e+00 -4.887855841245715149e-01 1.964369796675952129e-01 -1.097487254856347183e-01 2.198223137258081827e-01
2.819368343681607936e+00 1.265103138725520271e+00 -2.153144128835874582e+00 2.708459929445048431e+00 -4.004435360199127408e-02 -5.662708196953321060e-01 -2.675284873641291528e-01 -1.065547898812429395e+00
3.110527693175713981e+00 1.569389550825197377e+00 -2.613936217505580473e+00 6.184670117925168409e-01 -1.181779392992442723e+00 -7.682333676651509347e-01 -2.069397696848335189e-01 -2.096960868274698186e-01
1.314099003458928383e+00 -1.775425835683329900e+00 -1.672631838944713456e+00 6.946194504796152636e-01 1.128105798676949934e-01 -8.753092457874517285e-02 -1.119721006306412914e+00 -3.458331297606240806e-01
5.380940407049438434e+00 -1.348769742797830129e-01 -1.678842503141903419e+00 1.507695341530854272e+00 1.519982561856397796e-01 4.239061031671144675e-01 -7.881982428560712073e-01 7.907069128948194248e-01
2.498438877804717961e+00 2.278482854390044832e+00 1.319478617460981829e+00 -1.180838208198611072e+00 -1.899730205582606191e+00 -1.700101491001314580e+00 -9.038560443963459257e-01 4.473230892494181044e-01
7.672141552724131230e+00 -8.604841476778566367e-01 -2.153650073590358094e+00 2.547237735439583650e-01 -2.364703683837773573e-01 4.860754963026988063e-01 -4.033180424751638404e-01 -3.728824835019747264e-01
2.524975675127544839e-01 -5.313515477587185121e-01 5.893278196516226197e-01 -1.105383913606968471e-01 4.286811403381755037e-01 -1.996347699800914977e-01 -1.727110461227443716e+00 7.867579965757485194e-01
9.036589480113182304e+00 -6.551728312790170428e-01 2.212799802022252238e-01 -7.647314327381595778e-01 5.648965322201755512e-01 -3.322357741832312472e-01 -2.670558779913850156e+00 -2.610511765989525501e-01
9.512669843999217889e+00 -5.603484198001109640e+00 -6.372394896528553732e-01 2.242205191296191558e-01 -4.065436203104790813e-01 -8.366165316081027870e-01 -7.146262715163831380e-01 -8.025197371714619665e-01
2.956301867023064744e+00 7.064218483736555143e-01 -1.042335503871925528e+00 -5.221500888616414926e-01 1.413635551827995274e+00 -2.689448960234305241e-01 -9.953453323987028201e-01 -2.176546334457166998e-01
4.754614870630730294e+00 -1.489423561778963290e+00 -1.253751124057594701e+00 -5.258714739473203253e-02 -9.662480225671170320e-02 -3.553734504981496123e-01 -6.255071523926791777e-01 -5.324925715079061872e-01
4.990602722755692611e+00 -1.132588896645238430e+00 -2.577384025204435325e+00 -1.217260639201430017e+00 6.699150139390422920e-01 2.674827132502545224e-01 1.032554861676755475e+00 1.142545132393062435e+00
3.824433042908291114e+00 2.305236315577479989e+00 2.754617668278119130e-02 6.702587278912383040e-01 1.289765211254149557e+00 8.090940778101409769e-01 -1.568268598831922267e+00 2.945673415056724864e-01
2.143298500451278343e+00 2.340244009207510967e+00 -8.719472246628577894e-01 -1.270425318221466704e-01 -1.427436639202759094e+00 -1.257038006628199200e+00 9.740828744619592916e-01 -6.533851999155793067e-01
6.076079451940457066e-01 1.622145255492925819e-01 1.637374878769931374e+00 -1.114511586670081655e+00 -5.407952221270518889e-01 5.678596538059265120e-01 -1.662787481952577195e+00 -3.495699227781938756e-01
2.226994489205755379e+00 1.941634758754412049e+00 -2.285603497550086072e+00 -3.398606808857996264e-01 -5.368573141760497602e-01 -1.368204815871127966e-01 3.932640419073598625e-01 -6.152755317442945016e-01
6.439315483908399251e+00 -3.576817445768000869e+00 2.459486536831934522e+00 1.177313865370529067e+00 -7.482433856621797941e-02 -2.375193510875865055e+00 -5.961189352644473693e-01 -3.544044809884804026e-02
-1.911498574943154338e+00 -6.513938804660456272e-01 1.450288479161006228e+00 4.007029809533325104e-01 2.063002378532996506e+00 2.038804505950651269e-01 -9.958466237501184537e-02 -5.395881788896526032e-01
-3.448183541408976094e+00 -1.424622461646660065e+00 -8.872410320971502173e-02 -1.710728564010407293e+00 -1.066167979227905238e-01 3.432366914106482758e-01 -2.379650916581588505e-01 -5.136711825598357928e-01
-2.300567821361576559e+00 -9.320775847153617288e-01 -1.129953278991700394e+00 1.452376436465327103e+00 1.555640289472414617e+00 5.146551495891777961e-01 -1.401758949884286676e-01 1.344548495864391624e-01
-1.887639241362224052e+00 1.672191738715542053e+00 1.197976142944103400e-01 1.218215177784348180e+00 2.568069914507477236e+00 2.538916894279645287e-01 5.477371703401813230e-01 5.425306192426669893e-01
-4.724065519059135743e-01 3.702829436839848221e+00 1.953784860175991955e+00 9.963163541654584954e-01 3.814395967211541727e+00 -9.040775688611654148e-01 7.054995718654484271e-01 1.985083171079964626e-01
-2.373501801938539213e+00 -7.334025628432636612e-01 -1.526027469438520523e+00 1.853329746236292541e+00 1.183118071759137413e+00 -8.578706179100956675e-01 6.587126694253604420e-01 -6.240928725292903961e-02
-3.643380238697859763e+00 7.868599137524026066e-01 -1.162145830226039678e+00 2.098874571862241023e+00 -4.240680629778136312e-01 1.562293076915307610e-01 3.245115109106214146e-01 -1.902010923508815621e-01
-2.334233350314538491e+00 -1.348979734645801676e+00 2.326869754042555638e-01 -1.212914259476443934e+00 5.157485496614684639e-02 -1.236720432709834894e+00 -1.742061262854841253e-01 -1.341160739307384331e-01
-1.350857303347482219e+00 3.695739016461580539e-01 2.486675648639413705e+00 -1.140717727801074499e+00 1.905864526238339574e+00 9.309491167146385360e-01 7.885720033203087453e-01 -2.923916429696553354e-02
-2.858158439951440588e+00 1.527231392450418002e-01 4.289349889197537347e-01 4.830607116324618366e-01 -1.510536558557737052e+00 1.278865221153181464e+00 -3.929286972498515773e-01 7.460133104858408526e-01
-1.420223135152382188e+00 1.393978110954131377e+00 -8.369868694838978884e-01 1.105444838005229302e+00 -3.644006576130652264e-01 8.946509790976089893e-02 -2.634601601015498229e-01 9.647464409713711886e-01
-3.352927053726609596e+00 2.673300591663721804e+00 -1.779087176540117943e+00 1.389585204559344422e+00 -3.544412123486961330e-01 -1.211276493247108732e+00 8.167980601226448867e-01 3.735122687477234193e-01
2.953131833748615098e-01 2.269350399831004117e-01 -1.089416527275609781e+00 9.474232626375723720e-01 7.290948564838101165e-01 5.800121091967491704e-01 1.083855159273208885e-01 -2.573030399090795450e-01
3.930986638744536910e-01 1.083068061411729399e+00 2.247605476423415460e+00 -4.618588409249273496e-01 1.691628525583311893e+00 1.555219198611257569e+00 6.737611910848666508e-01 -3.199092196428924284e-01
-1.773585066174764080e+00 8.042100088764730925e-01 -2.027918100880954366e+00 -6.873336565846371871e-01 -6.160920864646242112e-01 -2.893295277175966795e-01 4.734773409481239370e-01 6.975036963035882720e-02
-2.227720518832145391e+00 -1.214999687194785905e+00 -1.924137818767358565e-01 1.471278087059699091e+00 1.971513172222725749e-02 -5.893780566293461282e-02 -6.902903301787621793e-01 1.353974486474855965e-01
-3.676413293214132683e+00 -1.291629061851213622e+00 4.246102827798501900e-01 -4.601710050475290359e+00 -7.409092406575998879e-01 1.039736144246936167e+00 6.770032937537510120e-01 -1.473899079432015868e-01
-2.756932991205744088e+00 1.086834686902033109e+00 1.707238186149717452e+00 -5.168311481609209057e-01 8.070227169266979139e-01 1.785487304708592848e+00 4.969021074641161717e-01 -9.648924506628695497e-01
-2.398665346279837518e+00 -2.507447923786900179e-01 -3.271378392278332381e-01 -2.773731929273846597e-01 -3.548145966017307584e-01 1.937191057749619930e-02 -2.924198249915166969e-01 -4.613954551241231661e-01
-2.492831035466486878e+00 2.598686272366902195e+00 1.669725636702872107e+00 6.334866090508747272e-01 -1.156747420607924237e+00 -1.096406092913057684e+00 2.038659631574048781e-01 1.219945953720666276e+00
4.330002649452363350e+00 9.202525696741419736e+00 1.492963021868822127e+00 3.199488590384202413e-01 4.728170719159581203e+00 2.215769773625003491e+00 -2.581141151413358426e+00 1.298915357100701717e+00
-2.629976638537031342e+00 -6.973093678725235112e-01 -5.839416228591561842e-01 3.381817101721550367e-01 4.675454563971740418e-01 3.486935486110285393e-02 1.201192524590753430e-01 -4.603910734025537521e-01
-4.064270597605744051e+00 -5.609542164869609771e-01 2.176684882474597238e+00 1.375869014551452940e+00 1.994652656394048373e-01 5.647389974932407464e-01 2.688474799047489427e-01 5.163764005479511976e-01
-2.373428725071516254e+00 -1.681576240114636356e+00 3.845281085106165286e-01 -3.016728892164400655e+00 -3.824668370787688565e-02 6.881270351140104935e-02 -4.152091289101816352e-01 -5.083518498245603867e-01
-1.588263972146914949e+00 -1.619656827329958748e+00 3.099992245257599532e-01 -1.091998749278611847e+00 5.377411536871479214e-02 3.258050695048850254e-01 2.998063794099722346e-01 -1.288866590420212899e-01
-1.850089860065787573e+00 -1.584128147348267568e+00 1.263917263941370939e+00 -8.021022837072829814e-01 7.114116254655047378e-01 1.596614758863273309e+00 8.108294046188775639e-02 1.496529644050890173e-01
-2.393275964258595234e+00 9.900307798825781491e-01 -7.575099107563184608e-01 1.554983252170977659e+00 1.431458273451043928e+00 -3.431893777624612785e-01 1.209126250719113171e+00 -4.755343669062266354e-01
-3.743404542974693605e+00 2.505015274175571571e-01 -9.738324088595592953e-02 1.932147174676723367e+00 -1.043591538674418562e+00 1.542181278660567367e-01 -5.852991595067701391e-01 4.921679793391987578e-01
3.591294118530610646e+00 3.926333150642367986e+00 2.047006645564914962e+00 -2.317670172544638307e-01 5.465263753126314406e+00 8.338545498951887014e-01 4.115715321138673777e-01 -9.710507659916907119e-01
-3.032481140691849486e+00 -6.494687974129622621e-01 3.106827087979310842e-01 5.802828423618855425e-01 -7.328848595215073924e-01 5.720094298831829294e-01 -8.442538192369255373e-03 4.883748702175282758e-02
1.259604647420274892e+00 1.015577072138557746e+00 -8.059281005194408876e-02 2.051335182923661016e+00 1.375203825672640934e-01 8.430422101741656959e-01 -1.738226645128081171e-01 -6.145913146856291087e-01
-2.998710528304795897e+00 -3.967780302594208774e-01 -5.964659737945318119e-01 -2.080452092634682837e-01 5.683597457365214822e-01 -3.727871665536032220e-01 4.029773428688578907e-01 2.459528944474088097e-01
-4.386732721195640394e+00 6.872278433038353333e-03 -9.481082821915595149e-01 2.798005410927358660e+00 4.457308212962358129e-01 -1.688083691060140668e+00 2.823830756061306846e-01 3.727005664707904176e-01
-1.578161234788022949e+00 5.728081933936551851e-01 -1.801446692668481342e+00 1.125275813912862466e+00 -3.952697136562359215e-01 4.308414598190486444e-01 3.384781893257446939e-01 -8.619784319243359860e-01
-3.252315768772952698e+00 1.285925156185929952e+00 -2.184765715985717005e-01 3.078075792825033519e-01 -9.942912589411101454e-02 -1.403201627644578009e+00 9.536508996307918595e-01 3.003437009501099819e-01
-2.757430451237178115e+00 -1.793918774831597007e+00 -7.578142310068390897e-01 2.411737761038773575e-02 1.283912269969169406e+00 -6.588357797337255350e-01 -3.131869842274346283e-01 5.956219767083974492e-01
-2.514876418887809884e+00 1.142522990016033302e-01 -4.966227703545650352e-01 2.354347122109072821e+00 -6.893749436910965311e-01 -4.425898494443174930e-02 -1.048426145624486328e+00 -2.629935935437261937e-02
-1.325031347037738172e+00 1.469294024683396982e+00 8.484213803568786405e-01 -1.142766442445908748e+00 -4.782174247327273392e-02 -1.891632669050283821e+00 2.906560084812390143e-02 4.182445492993240310e-01
-1.964950112953314454e+00 -9.651569883867937572e-01 -8.120811544155065453e-02 -9.408080635286714122e-02 -5.500239298977392943e-01 -3.213966720698864798e-01 -5.682505713665516600e-01 -3.960559138448416228e-01
-5.390256393870604512e+00 5.562555014892047733e-01 5.600700140129480920e-01 4.718549863342511030e-01 -3.997983521885914437e-01 1.476657963318256828e+00 9.505229337568805725e-01 1.364352232246104635e-01
-2.235156888052902246e+00 -1.298704492911946229e+00 -9.014368829688512719e-01 4.340942124984488171e-01 1.829260482959221001e-01 -1.634323559552743887e-01 -2.365276496287222197e-01 -1.111531222280339515e+00
-4.555028840423754666e+00 3.528786018498868859e+00 -2.152639456221981107e-01 1.091885792884265127e+00 -2.758348977388186629e+00 -9.004923055113962516e-01 1.412889248150745791e+00 -3.246369454742792371e-01
-1.272111461387928744e+00 5.098338448800866507e-01 -2.238991735467765753e+00 1.672375928220010133e+00 -1.176065027464566481e-01 -1.548034573993723947e-02 3.425327824866303966e-02 -5.571954787484415528e-01
-1.206597790442360596e+00 -1.317044336089233880e+00 -9.307407694660648767e-01 1.704790199827668440e+00 7.187197797252002918e-01 6.381892671913179660e-01 1.716631247153013462e-01 6.055245859764148975e-01
-5.565735898761250411e+00 -4.778475722077846211e-01 4.127462861032323183e+00 -2.352489876392050761e+00 -1.052460935970130462e+00 2.093505053330528387e+00 1.167338980325516973e+00 -3.953318210177914516e+00
-5.206581122536834139e-01 -9.733678086416871489e-01 -3.241353478368918517e-01 -5.439991099662104812e-01 1.429436749424280340e+00 -4.919818051652130597e-02 2.226887574938648251e-01 -1.954379257988882734e-01
-8.598029861715080768e-01 9.684851739058779330e-02 -2.814044812414128849e+00 1.843231761893368570e-01 -6.300754700891983973e-01 -3.650417590924682765e-01 -4.622035407169392679e-02 1.258509794091510758e-01
-2.931187055883083925e+00 -4.948562429250201733e-01 -1.017071120210448099e+00 -1.686424832883281821e+00 -5.657304235555481453e-01 -4.689345028295764939e-01 -3.411838624262106268e-02 -1.930526478941203827e-01
-2.223775745596235254e+00 -3.571607112921003080e-01 -1.101682337302121395e+00 1.862226103351655448e-01 -2.392749519865497165e-01 3.984905557137803367e-01 -6.455505571279376853e-02 5.614767610320912095e-01
-7.516030055562349377e-01 -3.070648659319010321e+00 1.449181668460041816e+00 -9.534259532299451667e-01 8.919287273868168331e-01 1.297236373183007663e+00 -2.215833304375171564e-01 -1.238298425101479472e+00
-4.386422966616052577e+00 -7.611037326480212251e-01 -4.005974722626341467e-01 5.868565457041894362e-01 -3.765792509890587558e-01 5.357648892542917762e-01 7.327673749827980920e-01 -7.058773900207254703e-02
-2.818231213333653340e+00 3.678839751489565435e-01 -1.351435730145390757e+00 1.738414139728382990e+00 2.843213662075241843e-01 -4.312852345684237698e-01 4.849646572137746858e-01 2.910728069108679539e-01
-9.826485812238707762e-01 7.972523952865022689e-01 2.369421178593569266e+00 1.569228338116149812e-01 1.546429748489166922e+00 -2.533218497132596614e-01 -9.265910255394541606e-01 2.480484118083571554e-01
-4.871239383474238238e+00 -2.339214787159421327e+00 -1.682948247320662505e-01 6.948898631262588887e-01 8.209388465079778818e-01 -8.244919880776288013e-01 2.428452525207638324e-01 6.748122548670036636e-02
-1.877467363662284727e+00 1.423230642524669909e+00 -1.070812219941226662e+00 1.709332774700163871e+00 -8.845491339411721832e-01 6.546268100908291254e-01 3.147460165391762765e-01 2.228668781653137254e-01
-1.998705801116259784e-01 1.076360004251150748e+00 -6.731488169816142175e-01 6.284456319125749646e-01 -8.402503839730155466e-01 -1.287501344586591490e+00 7.487059798729560622e-01 -1.376532521711791190e+00
-1.837281669701655407e+00 -9.102677111989861125e-02 -1.445280960056139818e+00 6.725477675903658303e-01 -1.361990153046447050e-01 1.074239460905903609e+00 9.909525716160257069e-02 3.732681272231694880e-01
-1.857085898922682832e+00 -1.571393120532322163e+00 8.264827190467688434e-01 -3.930249663912847691e+00 -2.208266788046781004e-01 -1.199840826259436000e+00 3.367979487485461276e-01 -4.951581051695306268e-01
-4.747248516299642951e+00 -1.798401973819338640e+00 1.697202258904071392e-01 1.551611079089243006e+00 5.351375138210674454e-01 7.915815281880311804e-01 5.813243320518336754e-02 1.516099386649840952e-01
-1.474919937697233063e+00 -1.591094204018010272e+00 3.199913983518524185e-01 -7.988325162003661051e-01 1.580575216115506498e-01 -4.380673830196392116e-01 -1.043807407626866190e+00 -7.600988485740501899e-01
-3.454718371939110799e+00 -2.136461542668342872e+00 1.971627607514199187e-01 1.534177612821413517e+00 9.428753929693467484e-01 -9.371136409160297776e-01 6.832252291442956205e-01 2.193764130281526670e-01
-2.202710189034324362e+00 1.286039319253581281e+00 -8.873992036334023004e-01 7.011031533154302720e-01 1.798211583811682723e-01 -2.405167241601962463e-02 2.729311975862004358e-01 -6.517767127262471538e-01
1.025900787988579976e+00 2.361261954910784056e+00 -1.616885417503570066e+00 1.145964636250874191e+00 4.144478721152991874e+00 -2.075242032850880269e-01 7.359952952583188601e-01 6.189197518055773450e-01
-2.284331260858156742e+00 -2.466840756505193522e+00 -8.211884899191437270e-01 -4.080322599904562253e-02 1.092781308799672502e+00 -1.010141397424151460e-01 -2.482198380434543772e-01 -2.370575113911536635e-01
-1.726310917619377827e+00 9.981778376369833117e-01 -8.023838100054758726e-02 1.064647341124506319e+00 -1.435616982756202198e+00 -8.660543958610936732e-01 -3.429470278076832135e-01 -1.080508953934884442e-01
-1.142996926523867529e+00 -1.962171493421677182e+00 -1.240719687266363280e+00 1.479076668054617683e+00 4.841825256641056341e-01 3.043705592701302365e-01 -5.355098204941931561e-01 -4.371026354343530707e-01
-4.036607361967565311e+00 1.162546101417857081e+00 1.897477180294171173e-01 9.405161221936486626e-01 -5.655990444048020205e-01 -8.067416864311266478e-01 -1.592923227870871594e-01 1.609201537057776576e+00
-2.478359512426841604e+00 -1.418576448628726228e+00 -3.165332712841692486e-01 3.285025210301697474e-01 6.620125695657196330e-01 -4.467470115452559232e-01 -6.840267883331266341e-02 3.715317035061284634e-01
-4.135962944099222049e+00 2.403792475567011699e+00 -1.242958563146407513e+00 2.048345179410570260e+00 -1.165652582750120958e+00 -9.010637741623555019e-01 4.068972121993252311e-01 1.226332306312472475e+00
-4.041835089892087396e+00 -1.356917454731748851e+00 5.383417003804855661e-01 8.339121769416375507e-01 1.787470831242349290e-01 9.917108390235159776e-01 5.653808359195724442e-01 6.671691015078772269e-01
-1.294866170108814218e+00 3.470808638833334125e+00 1.109527971148645209e+00 7.666793038588579634e-01 2.105101657740261478e-01 -8.404570379693878657e-01 2.103077287885454505e-01 7.397168021660060003e-03
-2.125180436935889539e+00 -1.194796912372335873e+00 4.903719792748290618e-01 8.553962933628186383e-01 -1.059358709962303496e-01 1.953425512353799132e-01 -3.448882291476844299e-03 4.339656000171496220e-01
-2.021577658422234247e+00 -2.548998333125128135e-01 -6.478720043248102911e-01 5.925136087988257944e-02 -5.484784835539044390e-02 -7.241362613272635251e-02 5.369934409234159572e-02 -3.561870911086369995e-01
-2.176916879402726046e+00 9.589112649076715345e-01 -2.342647762304262138e-01 1.854473495241525827e+00 -1.481780654488515037e+00 -7.693401947204346891e-01 -3.897772519709624128e-01 -1.893386500948334578e-02
-4.506562510768488572e+00 -3.169272590564727210e+00 -1.880616328794776637e-01 3.911596978794711355e-01 1.385206603458234875e+00 1.138777696616557478e+00 1.494225070910169539e-01 1.420665929349920753e-01
1.551380595442287402e-01 -4.380082257581724980e-01 -4.614456585220439999e-01 -1.454532774882133506e+00 8.558403342532051594e-01 1.242875981743180036e+00 1.694244051396606443e-01 -3.038221795807532488e-01
-2.551440295935183844e+00 2.283299577496056554e-01 1.414178019530874852e+00 -1.970789749735973206e+00 -1.456325126779866475e+00 8.555220390594275859e-01 1.021918039143824064e+00 1.604831888725527234e-01
-4.658729577765990726e+00 -2.229148088847996423e-01 1.559358764832419864e+00 5.110931541262451194e-01 -1.896940735654659038e+00 1.347320474997937723e+00 2.725250181610089362e-01 -1.646779122128989581e-01
-2.385835662822504588e+00 2.757658139612235715e+00 1.214085792365011018e+00 1.794490428336655397e+00 -3.338157857087503899e+00 2.540787977722083646e+00 7.463692035529642110e-01 -9.109469138029386848e-01
-2.895948205550214816e+00 -1.451635765394762023e+00 7.805459818808551109e-01 -2.970448332870659680e+00 -3.571499754060481480e-01 -5.832030924857857235e-01 -6.184053318437808811e-01 9.392393520816963992e-01
-1.166535214469631265e+00 -1.665693735490217708e+00 -7.378780026221324340e-01 1.762167152697799555e+00 7.383522749788137274e-01 -8.347112542875085861e-01 -1.410130742109636293e+00 2.982284070672911458e-01
-8.345178812899598508e-01 1.965604870352154698e+00 7.904326430591223085e-01 3.437632025784873147e+00 -2.354550789823916634e+00 -6.130987496558633065e-01 -7.763959886208063876e-01 -2.471804519677467116e-01
-3.003605795333069040e+00 3.541602271400184909e-01 1.234014971039590680e+00 -7.174568271217016679e-01 -1.312562238032195960e+00 1.996866741621346364e+00 -4.478881765033860818e-01 -4.393727473502540004e-01
-5.977817664732568703e-01 1.785650879676001557e+00 1.481736038965790314e+00 -1.778716548735348735e-01 -1.589226465022578250e+00 5.892980991796759049e-01 -3.494904754955164422e-02 1.534693462950020675e-02
-2.485916154498994501e+00 -1.188939407267453507e+00 3.487767445589581849e-01 -1.256292212514415363e+00 -1.293941977760351969e-01 5.395811436248709736e-01 -1.462958482534981730e-01 -3.833269227610273666e-01
-4.628379483092068369e+00 -1.835618363299248212e+00 6.423095072931736538e-02 9.419297025014222724e-02 8.004591423083543544e-01 -1.696210279034726376e-01 8.793020253130391373e-01 -7.561327592808742004e-02
-1.173830646759155938e+00 -4.748395044089583350e-01 -4.815709024701992913e-01 2.143959480911532101e+00 -2.433005236099541890e-01 -4.828600775742498130e-01 -5.075151244741054057e-01 -4.051434731490404784e-01
3.578938624937850754e-01 2.127838631353458965e+00 7.082090267119908189e-01 1.847446945503582738e-01 -1.025699679333138964e-01 5.631981568942647787e-01 -9.873697913479180244e-01 -5.298287805951505947e-01
-2.228679813704249391e+00 6.674106280100747801e-01 -1.091560473784713103e+00 -1.078302813556538009e+00 -2.991292661388454399e-01 -1.440879296357296724e+00 2.118123144559778404e-01 1.389458094621856654e+00
-1.567478997281366526e+00 -1.208433215985627029e+00 -3.691591433743699469e-01 -1.475629138313691913e+00 1.727504158031349935e-01 5.452827718330219842e-01 -6.844629593707001192e-01 -5.563065118683823140e-01
-2.455968810715662087e+00 8.984552917513461967e-01 3.531334652623691062e-01 -3.679917034464764147e-01 -1.104286830207051651e+00 -7.788877397604956343e-01 1.692657390911660731e-01 -9.777689863320472297e-01
-2.920833494976208922e+00 -1.700472479390233049e+00 2.957271774613064452e-01 -4.141774627995882252e-01 3.639197844857498532e-01 3.868049896967546419e-01 -6.432067925617362958e-01 -7.501257518866787377e-01
-3.518648339726861529e+00 -6.583094716260509127e-01 5.913749193539167281e-01 -1.080301602991503088e-02 2.058906053682299162e-02 -4.057108714640215164e-01 -5.269748055266662012e-01 1.083076748910264175e+00
-2.680441623962237507e+00 -1.484708900500293582e+00 -1.741693378569769246e+00 1.023490620450469235e+00 2.974687497774919920e-01 -1.980777797446170441e-01 4.341305141186895811e-01 -1.691273553438638055e-01
-1.399296349932285910e+00 -1.772226239712021423e+00 -1.479561468237569510e+00 1.308109734924914447e+00 1.805314842691161381e+00 6.154669228963310923e-01 2.801809366537393320e-01 -6.501147110166506649e-02
1.572931140629922897e+00 6.509099307371979393e+00 2.167158992502117965e+00 3.007596988982043709e-02 1.053411184507184073e+00 1.108942860165696764e+00 2.537585924117179981e-01 -1.034220255703337088e+00
-4.237216617961890641e+00 1.842724963822275630e-01 -3.264184174456692955e-01 5.883032432505285181e-01 -7.046268000993698433e-01 -1.460915605553603225e-01 2.598617378885514917e-01 -1.495549594059423504e-01
1.988462105558526760e+00 2.316048054098126308e+00 1.236303946129032383e+00 1.769776113035175680e+00 1.439958099413277404e-01 1.335960418792410398e-01 3.654354420095547451e-01 -4.985996990668326023e-01
-4.176644925150115872e-01 1.165196983437740696e-01 -5.361425758881158687e-01 -3.641989275534110448e-01 1.513457110648389170e+00 -5.557003478023158083e-01 -2.172948732114933224e-01 8.100721035688533966e-01
-4.429456371171822227e+00 -7.860360390721251589e-01 -4.734191469266078034e-01 -6.966174273076811696e-01 1.038043676253672942e-01 9.717959858136142326e-02 7.225409647891167797e-01 -5.085079267377452528e-01
-2.014915033402425504e+00 7.784521316369020782e-01 1.255787986843552861e-01 -6.597357341920109253e-01 -2.192971202458563959e-02 6.893209433324959390e-01 7.556271036843478783e-02 -4.524662051698796761e-02
-9.255666032796724396e-01 2.302481428045967782e+00 -1.596111895629587663e+00 1.676238087902329976e+00 -1.426986385581492378e+00 -4.136035379582418958e-01 -3.268393295191655556e-01 -8.422380449460699081e-01
-1.237063357003787223e+00 -1.882149552093277667e-01 -5.932835228641589742e-01 1.596345889147159802e+00 -4.421542548918043214e-01 -4.863751560894587211e-02 -1.201676811731059002e+00 4.036563311864578285e-01
-1.929621730342226726e+00 8.924666870923421147e-01 4.234470412215340235e-02 -5.588846621901043532e-01 -1.280330291357932859e+00 1.168282167456949489e-01 -4.684040350409713893e-01 6.677106213520452860e-01
-1.283187150718986258e+00 2.550909312143294194e+00 -8.386031038082862599e-02 7.715125439520879036e-01 5.569105883730841589e-01 2.700026102778313453e-01 5.114001553745740614e-01 -6.905467238505542948e-02
-2.691352204803810988e+00 1.420061744950691818e+00 9.691508540748404732e-01 -2.858858807569648018e-03 -1.256518298303367143e+00 9.415809880070233895e-01 1.579036519689726858e-01 -5.930606410967749209e-01
-3.228770118434785896e+00 -1.172073483519737946e+00 2.646642487652768883e-01 -1.002945224573003058e+00 8.944675453977061208e-01 6.292228484830599822e-01 -2.499343895490814260e-01 3.298511850515763455e-01
-2.553258407749823711e+00 -7.639004893858366563e-01 -1.609403188153849085e+00 5.992728799082962243e-02 5.058449397629416477e-01 2.137949107105681090e-01 9.835552011573604758e-02 7.453261078345358934e-03
-5.276966173127203286e-01 1.265871625964495317e+00 -9.204410697704166200e-01 4.294719193268458635e-01 5.607831374514216094e-01 1.252172561718419397e+00 4.216787136366368927e-01 8.496346974392569029e-01
-2.012152428540812110e+00 -1.103486558738397072e+00 1.338024067840007492e+00 -1.615679724495423075e+00 6.917207969261326417e-01 5.411899125858681270e-01 9.315004030219375952e-02 -6.164853671013970082e-01
-4.178368670613193392e-01 -8.085765765989120224e-01 -1.093291577113643775e+00 -8.973050310018301778e-02 2.570690925832816442e-01 2.455864769890130639e-01 -2.534657525655121812e-01 -1.313399230701695619e-01
-3.887562989242547284e-01 2.276797889703247701e+00 6.273319869785993763e-01 -4.297276957386134688e-01 1.193800962050154818e-01 8.498912717416117202e-01 -9.042062059724420564e-01 4.087279179341257729e-01
1.408868363303551474e+00 1.304929403959460332e+00 6.414287222807947275e-01 1.886955996820774750e+00 -3.625204012462952124e-02 -5.342984722714608781e-01 -1.266354109188681631e+00 -7.220850195205579247e-01
-3.943473381719588833e+00 -2.030016286627670752e+00 6.917357287416526779e-01 5.134063171107409174e-01 3.401145576058302034e-01 -6.509709913787982416e-02 5.022314494165591031e-02 5.796259788533713042e-01
-2.473293094326865393e+00 -3.350470276316228069e-01 -1.482362048719100045e+00 4.652372739069006169e-01 4.899269051916864404e-02 9.379156429329570388e-01 2.259803849160295017e-02 -6.987752336411844345e-01
3.431233828637084149e-01 3.534481049711663214e+00 6.966876061162814715e-02 -1.550670689176972150e+00 -1.956920892509322885e+00 -2.339519168980119801e+00 -4.834905030036891205e-01 -5.023808823669628776e-01
-2.194984301061974286e+00 -1.805353239097566176e+00 -4.351094267344086108e-01 9.539428945918811964e-01 5.538003927447773256e-01 -1.686121288413761077e-01 -2.354371807281772644e-01 2.584181156655705469e-01
4.033094212870677042e-01 3.723434000612096284e+00 4.586468955485458743e+00 2.159108507540032362e-01 8.078008267890106620e-01 1.826125428131101236e+00 -2.448831698109739108e+00 6.374276759977609563e-01
-1.292636539086152281e+00 4.964224708291387955e+00 3.459271214470474587e-01 2.240535689870870595e+00 -3.840529782209000764e+00 -5.486150165324373829e-01 -8.148319505478480718e-01 9.878470338165238340e-01
-2.217092305528644225e+00 2.989128552191309962e-02 6.364600938560650567e-01 -3.376701479362047564e+00 4.799946881699756474e-01 -4.846474522974191235e-01 4.301578701769970953e-02 1.896850286189180612e-01
-9.866733268830527037e-02 -2.135598382494163505e-01 3.889294642814575265e-01 -1.012710531092523514e+00 2.989067752157891000e+00 1.245215442273306730e-02 -2.902572877832441112e-01 -3.123461788281074458e-01
-1.717735175902781908e+00 -5.431655208357814013e-01 3.298375359668039408e+00 -8.732990043127994428e-02 8.417365721708879034e-02 1.005061741857870228e+00 1.000665650080005742e+00 -9.963797222261597808e-01
-2.153903667425218771e+00 -8.300688194699629152e-01 5.647967092930206157e-01 -3.011756046871513437e+00 5.658252689402955005e-01 -5.504030929102654568e-01 -4.843991606878263467e-01 8.932005336811286167e-01
-7.328129160191958480e-01 3.702182386400168390e+00 6.585050831694365669e-01 2.236127988659502908e+00 -3.364673667628659826e-01 -3.825358396882296841e-01 1.361956530326959625e+00 3.715779772346928245e-01
-3.172370488243177800e+00 -2.089052297819812054e+00 -9.788057303454764657e-01 3.870971368391810663e-01 1.419475578953841577e+00 1.338365554030822802e+00 5.370562547664915476e-01 4.198688653481728178e-02
-3.889065527197403505e+00 8.160717104741888051e-01 1.015717259587940680e+00 8.249184224237502416e-01 -2.133572784087174767e+00 -7.937244658968236610e-01 4.374465469795316142e-01 1.901965295895220898e+00
-3.159006037627490215e+00 -1.035749433429162369e+00 -1.490684271180092724e+00 -5.931692777464379063e-01 5.140857516981646169e-01 3.599127451046136850e-01 1.232877882969820732e-01 -2.636581300753223500e-01
-2.097069169341143624e+00 3.667095886695201035e+00 3.632200533567296663e+00 1.539787323884443060e+00 2.236529899486957351e+00 -2.295704028873465141e+00 -9.194269487554488363e-01 1.899698686946293069e+00
1.298866548937229304e+00 7.729852806447043534e+00 -6.889145770931699442e-01 2.892728010053531307e+00 -2.015354784292844315e+00 -2.202854154924031249e+00 1.025964029905777730e+00 -2.030779547287191900e+00
-3.067695140715883895e+00 1.135837565046624364e+00 3.746224877316020052e-01 -6.268544788732319795e-01 -1.443694141888163252e+00 -1.918388022241104829e-01 -1.698846700215063676e-01 -7.594452752550701069e-01
-2.346186850906451404e+00 6.827413177747795325e-01 1.132733909142124240e+00 -3.031035801907774885e-01 -5.416756636825699189e-01 -1.418525403401021956e+00 5.543513062036200395e-02 -1.853558824413272521e-01
-4.027542388005908691e+00 -2.542907040249558381e+00 3.532171814849471847e-01 1.514387933310497258e+00 6.674987166348508305e-01 -9.625601761413588031e-02 8.397465706505911065e-01 -3.334205667240773274e-01
-2.968888796114217854e+00 -6.884714183371037910e-02 -7.784116670004748162e-01 -4.666764293825858417e-02 2.282067642062392820e-01 3.448895495300245417e-01 -7.655827939340113797e-02 1.083703280844742434e+00
-4.063862114530881975e+00 1.221684413045475287e-01 3.238772748001757851e+00 -3.469182141712807255e+00 -2.241907977533081908e+00 1.749118391862108102e-01 1.077212380487566623e+00 1.293718665393126244e-01
-7.492713564455227848e-01 1.797638514207841709e+00 -5.683658549792045545e-01 -5.604993828118137733e-01 -9.330960665581395919e-01 -1.610188410319791430e+00 -4.983294148988153816e-01 -4.531833983038589531e-01
-1.530100721646906692e+00 4.052177873267225339e-01 6.044647105957670075e-01 -3.471717204120887135e-01 -7.860473047848210992e-01 -1.102131330054775926e+00 8.704174507282712303e-02 -1.296549008282998905e+00
-3.193917865604474216e+00 -1.849152076334849015e+00 9.939829959682262850e-02 -2.278290521158140430e-02 1.790022339606288371e-01 -4.928178050991766090e-01 1.777203596751418535e-01 -3.730851018529895979e-01
1.076693275472354161e+00 8.294775444024754307e+00 4.341923746649596350e-01 1.954189150094028493e+00 -1.395872090388043496e+00 -3.511880470749445760e+00 6.048262075219053013e-01 1.279727351327733631e+00
-3.367965779039880925e+00 -5.629289026591411949e-01 -1.925737387305965775e-01 -5.703799313135428095e-01 -3.517287147327990415e-01 -4.026524311436865261e-02 4.885251077138603182e-01 6.234188814751315810e-01
-4.694923445034580034e+00 -7.674779402738681755e-01 1.543964902877551282e+00 -7.790185066553314552e-01 -7.848969159573729870e-01 8.513753077962803451e-01 7.526417838690712125e-01 1.070350458522819626e+00
1.167461611054857684e+00 2.514515849511328227e+00 -1.905718763439992580e+00 6.383114463644532499e-01 2.361811219441025955e-01 1.381333453587017535e-01 -3.266754257867240385e-01 -1.520421638854594359e-01
-2.708393968241424421e+00 -2.196657427000301144e-01 -3.145047644422341859e-01 5.525281368313443575e-02 -4.825406119736964233e-02 1.691027272129659031e-01 6.877871547050055101e-01 -2.586037234900213644e-01
-3.765414552688009397e+00 4.398200511247432942e+00 3.950208135854517799e+00 -3.072659350853993443e-01 -4.789656006034590519e+00 9.662837775284947028e-01 2.417922716822145171e-02 1.746214359994616050e+00
-9.610811661970738995e-02 -1.298475839231972573e-01 -1.671464130667066783e+00 1.527476513059693453e+00 4.030674560315241073e-01 7.766599807360200503e-01 -2.616798385562870699e-01 -5.374134271961888976e-01
-3.900526847911017114e+00 7.307759752326459246e-01 2.136071180261101432e+00 -7.811723077444164831e-01 -8.325514132124059996e-01 8.978229704056741589e-01 -8.911111168057285203e-01 -1.095259922905572614e+00
-2.926374386248313808e+00 3.773322541693382437e-01 -8.867938885020164586e-01 -1.153452792284928446e-01 -9.856802909830408854e-01 -3.344574600780834128e-01 -1.864289378807993877e-02 -8.970848276046814451e-01
-2.836301444422178797e+00 -1.018125809184388997e+00 -1.486630048152213446e+00 4.564052854865258690e-01 1.147049440662287895e-01 9.738343793181017949e-01 -1.504413937331467999e-01 4.940627479711160591e-02
-2.077178921481176221e+00 1.806519487138574576e+00 -1.167079444970988700e+00 1.142229664828198654e+00 -4.135714505484636150e-01 1.182364919575158990e-01 -9.908185460339818951e-02 1.843696444549763613e-01
-1.977701439659511840e+00 -1.842779421414985297e+00 -2.773597738277383540e-01 5.497498002581437948e-01 -2.068963051428280298e-01 -2.838648151894775373e-01 -5.541315060070903797e-01 -9.135793272552825695e-01
-9.341581045025497687e-01 9.277014775673457780e-01 -4.016370937568228272e-02 -1.353399324722879937e+00 6.494208656961163173e-02 2.238977974377833191e-01 7.700322603400189259e-02 -1.488390815357372443e-01
-3.057032641835795150e+00 -1.792133852109386305e-01 6.217734653508677489e-01 2.613985366657231024e-01 8.967351096981414083e-01 -5.245682361378548597e-01 7.093558338916601258e-01 1.397260513518628344e-01
-2.985484690380549644e+00 -6.733392458795168789e-01 -5.904899118619716392e-01 -5.943505029360852676e-01 4.619692806114665262e-01 -5.454037986071735844e-01 6.174112419553337006e-01 -3.610679142475735626e-01
-4.038017141793951659e+00 -2.406980561676345109e-01 -1.328126778556764975e+00 2.440232009766038601e+00 2.773892565959673040e-01 1.693651207454580865e+00 4.142235124772049026e-01 1.056233395881930465e-01
-1.928795402064096276e+00 1.461469803085582164e+00 -1.006424218966879697e-01 1.820764999676446561e+00 -1.935941020207455399e+00 1.314285739225558247e+00 1.203040159117442776e-01 -1.193677108595063485e+00
-2.485883225537983243e+00 4.605964017912909658e-01 -5.989203568776226838e-01 9.987175025855563604e-01 -4.303238714934670694e-01 -3.796221543686995603e-01 -3.315458186587794120e-01 -4.783907113163932689e-01
-3.536415295240115775e+00 -1.246854147995694939e+00 3.385411219204651712e+00 -4.666050243849966250e+00 -1.875727739751427814e+00 8.903999966470261818e-01 9.254710687485193654e-01 -1.086898034030981730e+00
-1.257251570984275313e+00 1.067691516080768732e+00 2.594752907816247345e-01 -1.241751985709850681e+00 -3.932157648661736560e-01 -6.997701264685417533e-01 -4.981901755444271274e-01 -2.281116042022590940e-01
-2.560115018061503545e+00 -2.494045449018438720e+00 1.703125643293922908e-01 -2.109756768321384257e+00 9.792388190640632928e-01 4.887545316425663255e-01 -4.626143521705896461e-02 5.318624243089118409e-01
-3.067503987749389260e-01 2.184998831158377453e+00 3.928620799075856207e-02 -4.864559154579804479e-01 2.089449944769965484e+00 -1.104144545499379459e+00 -1.348469365861185154e-01 3.371176873384282291e-01
-5.618310436483399395e-02 -2.273833944945604091e-01 -2.255515680431642078e+00 2.710600197400560241e+00 8.017853605053244515e-01 -9.605706101536387598e-01 -1.038395634945916246e+00 -2.815592983729874321e-01
-3.158754301468232661e+00 4.103017931600331236e-01 -1.108817236157222164e+00 1.971618577162373542e+00 -5.858714993028012880e-02 -2.824155374326332568e-01 -7.925517840780865741e-02 -4.426480402492857097e-02
-4.197079986318852818e+00 2.367392283774965023e+00 1.327144744541373322e+00 -2.039503848807469488e+00 -1.761916724726886763e+00 4.242937405393167050e-02 2.168750368636637393e+00 1.481202726094100530e+00
1.011712495718913418e+00 1.092389649111858763e+00 -6.326983858658122850e-01 -1.758518475589036179e+00 1.046826437090766948e+00 4.258945137682894067e-01 3.982883808558929650e-01 8.360387781009616104e-01
-2.431551454909606225e+00 3.447203869760869122e+00 3.456944895107576077e+00 4.936603611391337521e-01 -1.045756999894867700e+00 -1.008838358495762977e+00 -3.755857666336078760e-01 9.338330009179995894e-01
-3.193914150336720770e+00 5.793394458804379532e-01 4.897642884879201963e-01 4.459473976344444091e-02 -7.236071897209053194e-01 -1.037395525051543421e+00 1.290558932450248664e+00 -2.557075042877586801e-01
-2.615317411228995859e+00 -1.832060432686514417e+00 7.643295514645782607e-01 -8.231658792603657737e-01 -3.007872426065541505e-01 8.993777978381277405e-02 1.463442854968740603e-01 -3.780154978555602119e-01
-3.836497851814803184e+00 4.962499281494925918e-01 9.232396755614851180e-01 -5.518717534052668405e-01 8.003557629580726474e-02 -1.126691047052318650e-01 4.744908562554010500e-01 1.698587130313030935e-01
-4.591961853405021721e+00 -2.761127094061572862e+00 9.805426797232802416e-01 3.628388831669991932e-01 2.200813644156729698e-01 6.905057009587842742e-01 3.413744314201173635e-01 3.533025030044972259e-01
-6.817688660120126976e-01 -1.135991133343319692e+00 1.233666423323152239e+00 -3.864500513845848140e+00 1.428352091983998706e+00 -1.291430535097292109e+00 7.535425691818212202e-02 -8.256764905428874979e-01
-6.006161135293648368e-01 -8.384546621527863008e-01 -6.870419564005250113e-01 1.155333931393147440e+00 9.824326178137064991e-01 -8.532300759207994689e-01 7.055245890926072905e-01 -1.346954772128179156e+00
-4.019140240641426054e+00 -1.354247383466803845e+00 -3.604727542361563786e-01 -2.635798078648590170e+00 7.352449667535976285e-01 1.518276661123331595e+00 5.786221229169284941e-01 2.699998976970570119e-01
-4.657682334477213359e+00 -3.065387432943971646e+00 -7.600910167869782963e-02 1.508516404814097323e+00 1.272815437095011770e+00 5.556953441539019822e-01 5.525458473984447005e-01 -9.941813660136697428e-02
-2.461406650888213754e+00 6.008479703226463631e-01 -1.171465117418982738e+00 2.211054078664556055e+00 -6.919118801126169505e-01 -8.526896649122048810e-01 -2.888204281651189642e-02 2.052527178960769638e-01
-1.457321356751854591e+00 -2.017267555505832810e-01 -1.098878709909383744e+00 -2.005774782404045720e+00 1.478562251969639529e+00 -8.537905070559764775e-02 6.043495708215961271e-01 5.833082579728640082e-01
-3.877289579208973880e+00 1.084254750436889569e+00 1.859944007027153567e+00 -4.337389017705502448e-01 -1.687438699971045120e+00 -8.148901624156356105e-01 -4.711146484257631717e-01 7.126137791226852536e-02
-3.853539733277053347e+00 -1.524726423192686031e+00 -1.144509656499427486e+00 8.150504722602356367e-01 4.930515177240956670e-01 2.876051988672463922e-01 1.046765075765061725e+00 -4.837293336944229610e-02
-4.477584655867596908e+00 -1.741129366799508027e+00 -8.882071583904906920e-01 7.646519698221597716e-01 6.051399340836542962e-01 1.004569099816833511e+00 2.326985244500404948e-01 -2.578296956465970721e-02
-2.894310661182770250e+00 -9.779443245887865510e-01 -8.056443291026548215e-01 -1.720779962357429360e+00 -2.898364050495793112e-02 2.119016481997291201e-01 6.725510055483735483e-01 4.788100631440269650e-01
-1.810380558977022325e+00 3.962072994182616048e-01 -1.230334166772297566e+00 1.276655978642261102e+00 7.076765158995118772e-03 -1.782409012589735831e+00 -1.291555717590861518e-01 -7.217338691699617392e-01
-2.887268058236237334e+00 -4.647316243172511796e-01 -4.757433363174536356e-01 7.623019478959949247e-01 -8.532163603832570997e-01 -3.062886485832047034e-01 -4.085700501784844119e-01 1.182912595905436133e-02
-1.256928405579314845e+00 4.117186682672097753e+00 -4.127297492318600103e-01 1.054173837182407869e+00 -1.139526939431744434e+00 -1.949042335979661811e+00 4.886134896534353733e-01 2.552569247961093413e-01
-1.638384937376461847e+00 1.715949113502577505e+00 4.342062538042708586e-01 -1.527966277008596663e+00 -1.769381650323237132e+00 -1.503191117079061057e+00 1.436900078544208204e-01 -4.866808253180719968e-01
-2.993233301079026631e+00 1.631392210901903228e+00 2.556717992951654583e+00 1.345887857846442603e+00 4.074041561115531590e-02 6.169924106014623710e-01 5.131890607653966097e-01 3.127013582651410606e-01
-3.502201040267652221e+00 1.800832501040028566e+00 2.766456781333236581e+00 -8.663061395623847805e-01 -6.253645443461220976e-01 4.122734423952911786e-01 -3.077263010169642432e-01 3.577314033051881559e-01
-4.769710159607496003e+00 -5.429618565163318866e-01 8.938680478961209541e-01 1.731061750070624239e+00 1.001712674905062439e+00 9.637689547367590537e-01 2.366564494498981930e-01 -7.015970576581369578e-01
-4.026620252429853331e+00 -1.402206454743141872e+00 3.186500021437011387e+00 1.955322580188978074e-02 1.796485786753213576e-01 9.192986503168208978e-01 -2.110439737026599538e-01 -5.115419891476443714e-01
7.093306714146381253e+00 1.257319422819119481e+01 7.358708054263189524e+00 1.225341393612210172e+00 7.490433691446872544e+00 8.147299371732181772e-01 -1.681042995925577044e+00 -1.614145458925374532e+00
-3.721458992673219335e+00 -1.787641645435391391e+00 1.279932901777112608e+00 1.155664206361556867e-01 -5.262822395208089921e-01 7.057421250959431402e-01 4.877725069680077241e-01 2.978835698381386843e-01
-3.315000154892370432e+00 -1.442176231160650524e+00 -5.836326315640057993e-01 1.784930600740745721e+00 -1.927253648760108087e-02 6.299773128745133066e-01 -5.958985110297546246e-03 -1.344014097264520924e-01
-9.671903115759199476e-01 4.384381825086452467e-01 -1.447696253916340270e+00 1.990361531539441842e+00 -9.396606964570076992e-02 2.930133457741756486e-01 -1.125623623934353251e-01 -1.533582769349186303e-01
-1.665475153235342010e+00 2.389618124349387696e+00 1.502249431001773772e+00 8.759510636058900346e-01 4.845455647650342423e-01 -1.189518471710448999e+00 -6.777518512729293620e-01 -1.466320915517019818e-01
-2.174464309598481027e+00 4.968779832021161247e-01 -9.490918373312721146e-01 2.072190035748894821e-01 -8.853460846585246014e-01 8.830394906355816254e-01 -2.553007777465741146e-01 -2.301630212346117976e-01
-2.793330657560405328e+00 -1.077888136271514030e+00 8.445420626318338453e-01 -1.110207939978265834e+00 4.869616399491539897e-03 5.656020672042255670e-01 4.690123757490349821e-01 5.744515457795056346e-01
3.144382258457838475e-01 2.077560724366183553e+00 -2.083311928670493973e+00 -1.068540285426860859e+00 -2.178695798855624921e-01 1.189841733723845385e+00 8.622059890686140093e-01 2.691772008248403680e-01
-9.691728144908388076e-01 9.449442983577300836e-01 -8.908113253711126278e-01 1.096531760398025579e+00 -6.135025059454525254e-01 9.708891614938763848e-01 -4.279676441310068524e-01 1.277392078723293967e+00
-1.654521845918104805e+00 -4.555664122382698800e+00 7.523230690211925031e-01 1.648322845234405643e+00 1.403072874690878491e+00 -5.534030938254719256e-01 1.224281779087567079e-01 -3.394276594488807586e-01
-2.202515523857002222e+00 -7.356052324956331434e-01 2.670800601034620803e-01 -3.761983281902878118e-02 2.934036497487649164e+00 -2.474688554830153653e-01 -1.914390491643916115e-01 7.080848845112668044e-02
-3.326079248948987654e+00 4.751715740068479521e-01 -8.982858664063315679e-01 8.134868725710654447e-01 -5.853796081173062715e-01 -8.823927172359981030e-01 8.419489470102896334e-02 9.520120922353068060e-01
-3.838398623113314923e+00 8.991786444380707177e-01 7.005638814782185753e-01 -2.199403127284016157e-01 -1.337162963770285318e+00 7.674268139358969565e-02 6.410717175565244785e-01 1.357490165486175515e+00
-2.284340252125969251e+00 9.493637359898747172e-03 -4.504395698104913803e-01 2.957795072168056816e-01 -8.038675607375292964e-01 1.779018144151205627e+00 -4.352537066720241765e-01 9.782669462286155970e-02
-2.046029572506378180e+00 3.048848649604052885e-01 -5.338387338223649081e-01 -4.898419730138088291e-01 -6.791214906749358515e-02 -1.338930520051872186e+00 4.599230867420598945e-01 4.889723850125204385e-01
-9.158035193266075291e-01 2.479013129035291918e+00 3.626066889229373480e-01 2.619665310372900624e-01 1.384717917796849940e-01 -9.912359503024198437e-01 -5.120547810112716786e-02 -9.397226681069853482e-02
-1.131576890627562726e+00 -1.411001961754846823e+00 -5.650530657887452568e-01 1.994961207862586461e+00 5.284876249888448285e-01 7.255980501682139649e-02 -1.759939886829748612e-01 -2.553719525054762296e-01
-4.123278127876571775e-01 -3.896313169218674766e-01 -1.045770401967935026e+00 1.366245712146055391e+00 8.635071347248923779e-01 -3.523601110856747209e-01 -8.862301740856175503e-01 -3.729393186376077085e-01
-2.041664051938869129e+00 -9.032559242445068470e-01 2.843241495772444782e+00 -2.885830753793427572e+00 -1.016709379514295630e+00 1.044626407401271495e-01 3.195501582704675658e-01 -1.033406720580837934e+00
-2.010379413852001917e+00 4.296895577196995775e-01 -1.040888619966840595e-01 -1.602924585824227754e-01 -1.509506175345754819e+00 -7.670782393347787276e-02 -5.415975627069253839e-01 -3.980814173331045369e-01
-3.810017869952356584e+00 -9.099185586017508598e-01 4.431676161124573077e-01 -9.504237008208871185e-01 -3.516360700240424020e-01 -2.777461936686961286e-01 -1.028689099085368375e-01 2.518331848745953838e-01
-8.260392923328684356e-01 -1.250247469823622337e+00 2.679607800370550352e-01 2.310626898477530666e+00 -1.014813560192955100e+00 9.016314099758303557e-01 -8.023459013107948623e-01 2.615875017148659026e-02
-1.603586443520867100e+00 2.925962181770774273e-01 -1.586225500978811986e+00 9.096977852605229176e-01 1.235869103326164398e+00 1.035160621088901722e+00 2.982887032946664463e-01 7.756454738600587762e-01
-6.869402914850806230e-01 1.695009621350665796e+00 1.026212795923796328e+00 -8.754785827543017929e-01 2.174675553796809879e+00 -2.967895375216318410e-01 8.411162807484455772e-01 -1.634978487267739200e-01
-4.087077361033728984e+00 -4.847100825090983611e-01 6.313639553096440649e-01 -3.402733267142652895e+00 -1.822476057963695259e-02 -3.098227242457275987e-01 2.306488094614146944e-01 -1.146701507098878414e-01
-1.669603930645453982e+00 8.623188513869308736e-01 -1.010306195845499522e+00 1.323895022978045066e+00 -2.815678709947636582e-01 -2.393973387000623565e-01 -7.280654004393701806e-01 -5.912423754065754267e-01
-3.341944803913977857e+00 -2.222472931420508072e-02 5.033012193537390599e-01 -1.142262178915692816e+00 -1.564761376555537931e+00 1.677582698422953877e-01 7.551983351843169490e-02 -1.250654464805718569e-01
-3.594689343415306215e+00 2.605087222035134875e+00 1.852029725942989646e+00 8.988614121562295278e-02 -2.442539675814514588e+00 -1.850472600104189791e+00 1.548913114088509069e+00 4.443155950469956372e-01
